timings (proc 0):
	readData:	-0.000000
	processData:	0.000000
	reduceResults:	0.000000
	total:		


